0.9230769230769231 21 0 11 10
1.0 21 10
0.11864406779661017 11 11 3 0
0.5885593220338983 11 11 6 17
0.2810917595767388 11 11 1 1
0.48744229715984666 11 11 15 4
0.8909560167759975 11 11 11 0
0.29217500111721856 11 11 12 1
0.6089887640449438 11 11 16 5
0.1289237668161435 11 11 9
0.21428571428571427 11 11 17 4
0.2807543059432228 11 11 12 12
0.2928365610132011 11 11 1 12
0.13714071012586887 11 15 4 4
0.3146538342129773 11 11 17 6
0.3858671086334187 13 0 11 13
0.1772549019607843 13 13 17 6
0.2807017543859649 13 13 15 4
0.35545023696682465 13 17 6
0.7591240875912408 13 13 8 19
0.2996313849394418 13 13 2 13
0.5681470137825421 13 13 6 17
0.10526315789473684 13 13 6 19
1.0 5 2 0 17
0.9 5 12 1 5
0.4925373134328358 5 1 5
0.7419354838709677 5 0 6 5
0.8893728222996515 5 1 1 5
0.9696969696969697 5 0 15 5
0.838810641627543 5 0 5
0.7272727272727273 5 20 5
1.0 5 2 0 5
0.6666666666666666 5 13 5
0.3055555555555556 5 1 5 5
0.7631578947368421 5 17 5
0.8727272727272727 5 2 5
0.4900990099009901 5 12 5
0.5699691138037538 5 0 11 5
0.375 5 12 6 5
0.8163265306122449 5 6 5
0.8885218827415359 5 1 12 5
0.7209302325581395 5 9 5
0.7327586206896551 5 11 5
0.888695652173913 5 12 12 5
0.4827586206896552 5 0 17 5
0.26859504132231404 5 0 12 5
0.5925925925925926 5 5 0 5
0.8846153846153846 5 0 4 5
0.75 5 2 13 5
0.32432432432432434 5 12 5 5
0.8 5 0 0 5
1.0 5 17 2 5
0.33176135117350297 5 5 16 5
1.0 5 15 5
0.2633587786259542 5 0 1 5
1.0 5 4 5
0.2727272727272727 5 16 11 5
0.203125 5 2 11 5
0.8928571428571429 10 0 11 21
0.9846153846153847 10 21
0.9032258064516129 10 0 11 10
0.8464606181455633 14 1 1 14
0.3674055829228243 14 14 14 14
0.32550335570469796 14 3 14 3
0.4129770992366412 14 3 12 12
0.419811320754717 14 14 3 14
0.6360424028268551 14 12 12 3
0.115995115995116 14 3 14
0.40554722638680657 14 3 1 1
0.3352941176470588 14 14 12 12
0.6531531531531531 14 1 12 3
0.35181325552313464 14 3 3 14
0.6550561797752809 14 12 1 3
0.11064842355740631 14 14 14
0.841948310139165 14 12 12 14
0.11850946854001222 14 3 3
0.3262012012012012 14 14 3 3
0.32547338335119685 14 14 1 1
0.3480303577882183 14 14 12 1
0.8584905660377359 14 1 12 14
0.35845129059117403 14 3 14 14
0.4376876876876877 14 3 12 1
0.12949640287769784 14 0
0.3263246425567704 14 3 3 3
0.33970952886999645 14 14 1 12
0.4129353233830846 14 3 1 12
0.8513640639698965 14 12 1 14
0.636150234741784 14 1 1 3
0.3325825825825826 14 14 14 3
0.8577878103837472 14 3
0.24295263004940423 9 9 1 12
0.8551483420593369 9 20 20 20
0.858843537414966 9 9 9 20
0.8745733788395904 9 9 9 9
0.4865967365967366 9 1 12 9
0.8571428571428571 9 9 20 20
0.3392226148409894 9 5 16 9
0.14532756900565347 9 1 12
0.4321785085143864 9 12 12 20
0.15793650793650793 9 0 11 20
0.8739130434782608 9 20 20 9
0.23822143698468787 9 9 1 1
0.44081632653061226 9 1 12 20
0.23446054750402576 9 20 1 1
0.8741319444444444 9 20 9 9
0.43842645381984036 9 12 1 20
0.24445724157788656 9 9 12 1
0.1456564337034618 9 12 1
0.3057553956834532 9 5 16 20
0.2388818297331639 9 20 1 12
0.8536585365853658 9 20 9 20
0.47038123167155427 9 1 1 9
0.4800910125142207 9 12 1 9
0.2304045512010114 9 20 12 12
0.14720476347998676 9 12 12
0.23394362104039523 9 9 12 12
0.8824476650563607 9 9 20 9
0.14855801475519786 9 1 1
0.23996235884567127 9 20 12 1
0.429664508534432 9 1 1 20
0.9702970297029703 9 20
0.47664104080425784 9 12 12 9
0.1800363709840372 9 0 11 9
0.6190476190476191 4 4 8 19
0.15267175572519084 4 12
0.9642033898305085 4 4 15 4
0.2 4 11 1 15
0.16770186335403728 4 4 17 6
0.5776173285198556 4 4 6 17
0.2611003861003861 4 4 11 15
0.25 4 11 12 15
0.13533834586466165 4 1
0.1641025641025641 4 4 4 0
0.10899727613210759 2 2 0 11
0.3123644251626898 2 15 4 2
0.44208037825059104 2 19 8 2
0.2996313849394418 2 2 13 2
0.11538461538461539 2 17 19 2
0.19851926214079557 2 17 6 2
0.5974235104669887 2 6 17 2
0.12051282051282051 2 17 6 0
0.1932168550873587 2 5 16 2
0.75 8 8 13
0.1472827513783145 8 8 0 11
0.16561844863731656 8 8 17 6
0.18796652341099299 8 17 6 8
0.21266859344894026 8 8 19 8
0.5 8 13
0.1111111111111111 8 8 1
0.25396825396825395 8 8 11
0.3284502698535081 8 6 17 8
0.5 8 8 11 15
0.1111111111111111 8 8 12
0.18421052631578946 8 8 6
0.5566647093364651 6 6 6 17
0.6428571428571429 6 6 16 5
0.27424549683884053 6 0 11 6
0.4780163599182004 6 8 19 6
0.10013103297663245 6 15 4 6
0.11157614850558865 6 6 0 11
0.45180722891566266 6 6 13
0.3333333333333333 6 8 6 19
0.35249656436097115 6 6 17 6
0.28 6 13 6 2
0.7562189054726368 6 6 8 19
0.15932203389830507 6 6 15 4
0.10526315789473684 6 8 6
0.35249656436097115 17 17 6 17
0.4438095238095238 17 17 16 5
0.223203026481715 17 5 16 17
0.17122040072859745 17 15 4 17
1.0 17 11 13 5
0.21284989667480744 17 0 11 17
0.6766595289079229 17 6 17 17
0.11095890410958904 17 0 17
0.5136986301369864 17 2 17
0.36973528669526756 12 12 12 1
0.8348803126526624 12 9 20 12
0.3797680050305714 12 12 12 12
0.3805226366664846 12 1 12 12
0.2889109895574341 12 12 20
0.8205128205128205 12 9 9 12
0.3659741331865713 12 1 12 1
0.3829211385907606 12 12 1 12
0.36318096430807767 12 20 1
0.36563295056040707 12 1 1 1
0.7444794952681388 12 9 9 1
0.3687258430846472 12 12 1 1
0.3796866676683103 12 1 1 12
0.7389705882352942 12 20 20 1
0.16172106824925817 12 3 0 1
0.16815476190476192 12 3 0 12
0.2998965873836608 12 1 9
0.8165185572399373 12 20 20 12
0.759980285855101 12 9 20 1
0.3656856606136506 12 9 12
0.7581508515815085 12 20 9 1
0.3633501259445844 12 20 12
0.8347027549540841 12 20 9 12
0.2997936016511868 12 1 20
0.6024844720496895 12 16 5 1
0.286783042394015 12 12 9
0.36737235367372356 12 9 1
0.9289075690627582 12 1
0.823051948051948 18 0 11 18
0.3584569732937685 18 18 7 18
0.7 18 11 18
0.7096774193548387 18 0 18
0.22330097087378642 18 19 8 18
0.15718157181571815 0 9 0
0.7619665414817344 0 0 11 0
0.3185046055678485 0 12 12 0
0.37746741154562385 0 17 6 0
0.3182180611641246 0 1 1 0
0.15625 0 20 0
0.1108610016882386 0 6 0
0.33131159969673996 0 1 12 0
0.5296718245196396 0 15 4 0
0.3302687411598303 0 12 1 0
0.7586377097729516 1 9 20 12
0.7625122669283612 1 20 9 12
0.3036541430777149 1 12 20
0.39306583560576547 1 1 3 14
0.3653113087674714 1 20 1
0.8271545498314877 1 20 9 1
0.3692123788019657 1 1 12 12
0.3003625064733299 1 12 9
0.37013401403956603 1 20 12
0.36597916867320684 1 12 1 12
0.7443091582848068 1 20 20 12
0.2909815645241654 1 1 20
0.37018196307610574 1 1 1 12
0.3790259820051063 1 12 12 1
0.3656228942338105 1 12 12 12
0.3737824675324675 1 12 3 14
0.37997024337642127 1 12 1 1
0.3688888888888889 1 9 12
0.8115264797507789 1 9 9 1
0.9277743891500125 1 12
0.3677215189873418 1 9 1
0.3797680050305714 1 1 1 1
0.8266148615832929 1 9 20 1
0.8098701298701299 1 20 20 1
0.2893681043129388 1 1 9
0.3829211385907606 1 1 12 1
0.7445795875198308 1 9 9 12
0.1418975650713686 7 7 0 11
0.3584569732937685 7 7 18 7
0.7272727272727273 7 11 11 7
0.19298245614035087 7 7 11
0.26666666666666666 7 0 0 7
0.3417190775681342 15 2 13 15
0.3039325842696629 15 4 0 15
0.9991899554475496 15 4 15 15
0.27061310782241016 15 11 15 15
0.11064842355740631 3 3 3
0.7008443908323281 3 1 12 14
0.3483009708737864 3 3 3 14
0.3414239482200647 3 3 14 14
0.419811320754717 3 3 14 3
0.3687057844361215 3 14 3 3
0.8826945412311266 3 14
0.8077945084145262 3 1 1 3
0.10716400236826525 3 14 3
0.8203592814371258 3 1 12 3
0.3316239316239316 3 14 14 14
0.12155388471177944 3 14 14
0.8078859060402684 3 12 1 3
0.8026431718061674 3 12 12 3
0.36558687421119057 3 14 14 3
0.32895294616362863 3 14 3 14
0.10638297872340426 3 3 9
0.680503144654088 3 12 12 14
0.3674055829228243 3 3 3 3
0.4 19 0 18
0.7058823529411765 19 11 19
1.0 19 1 11 19
0.21266859344894026 19 19 8 19
0.4375 19 6 19
0.7619047619047619 19 0 19
1.0 19 18 7 19
1.0 19 12 11 19
0.5 19 11 11 19
0.7957446808510639 19 0 11 19
1.0 19 15 17
0.19254237288135592 19 19 6 17
0.2947761194029851 19 17 6 19
0.33176135117350297 16 16 5 16
0.10801393728222997 16 11 1
0.2684563758389262 16 16 17
0.7454545454545455 16 16 9 20
0.29564258135686705 16 16 11
0.2631578947368421 16 16 11 9
0.7961165048543689 16 16 20 9
0.3950617283950617 16 16 13
0.35294117647058826 16 16 13 6
0.2777777777777778 16 11 1 20
0.1328125 16 12 11
0.16105263157894736 16 16 2 13
0.2 16 11 12 20
0.8665083135391924 16 12 12 16
0.3874066168623266 16 16 12 1
0.1274030801911843 16 16 0 11
0.37163636363636365 16 16 1 1
0.13043478260869565 16 12 11 20
0.7474747474747475 16 16 20 20
0.14143094841930118 16 16 0
0.10714285714285714 16 1 11 20
0.7881773399014779 16 16 1 16
0.5925925925925926 16 16 11 16
0.7551020408163265 16 16 9 9
0.9000825763831544 16 12 1 16
0.8744007670182167 16 1 1 16
0.8858520900321544 16 16 11 0
0.34408602150537637 16 16 9
0.8771929824561403 16 1 12 16
0.33695652173913043 16 16 20
0.3724917913170376 16 16 12 12
0.12 16 1 11 9
0.14634146341463414 16 16 11 6
0.2 16 11 12 9
0.2510822510822511 16 16 6
0.14285714285714285 16 12 11 9
0.3842857142857143 16 16 1 12
0.1461187214611872 16 16 4 11
0.3 16 16 11 20
0.2702702702702703 16 11 1 9
0.12259615384615384 16 1 11
0.8450867052023121 16 16 12 16
0.4226890756302521 16 16 0 16
0.10996563573883161 16 11 12
0.4387397899649942 20 1 12 9
0.303886925795053 20 5 16 9
0.4605263157894737 20 1 1 20
0.25 20 1 4 1
0.16666666666666666 20 1 4 12
0.8551483420593369 20 9 9 9
0.2222222222222222 20 12 15 12
0.4312796208530806 20 12 12 9
0.34035087719298246 20 5 16 20
0.1748773307163886 20 0 11 20
0.4258177570093458 20 1 1 9
0.24537173082574198 20 20 1 12
0.2222222222222222 20 12 15 1
0.8536585365853658 20 9 20 9
0.24513505663665408 20 20 12 1
0.23013871374527112 20 9 12 12
0.8545918367346939 20 20 9 9
0.16666666666666666 20 12 4 12
0.8562925170068028 20 20 20 9
0.4644087256027555 20 12 12 20
0.4721913236929922 20 12 1 20
0.24046278924327705 20 9 12 1
0.2401668653158522 20 20 1 1
0.14553219448094612 20 12 12
0.25 20 12 4 1
0.8772845953002611 20 9 9 20
0.23521891978267817 20 9 1 1
0.8745733788395904 20 20 20 20
0.4366438356164384 20 12 1 9
0.8824476650563607 20 20 9 20
0.1448051948051948 20 12 1
0.47392290249433106 20 1 12 20
0.14389199868291078 20 1 12
0.14793882978723405 20 1 1
0.23450292397660819 20 20 12 12
0.8759757155247181 20 9 20 20
0.9731876861966237 20 9
0.23878711307643716 20 9 1 12
